VOCABULORUM

agebantur 139,7

agebat102‚8.137‚2 146,

,, 15.152,13

‚agenda 222, 17

‚agendarum 148, 24

agendi 19, 9

nendo 47, 15

gagendum 137, 13. 16ε, 19

,agens 201, Js

¹agema& 201, 8

figentes 136, 3

,agentis 1771, 22

ager 75, 11. 103, 22. 107,
13. 109, 23. 120, 11.
125, 26. 137, 10. 174,
1

>figere 554· 32² Ῑ 33 5 24·

· 52, 21. 59, 16. 62, 11.
³& alibi.

.;1gerent 30, 17

agerentur 181, 10

βςετεε“104,9. 107, 7. 114,
26

ages 225, 23

’ agetis 46, 17

agetur 219, 20

aggerem 94² 21· 124¹ ¹87

. 19

aggeribus 139, 5

agg crederetur 34 14.126, 5

aggredi 111, 7.136,16.
209, 27

,aggrediantur 84, 9

aggredigxa’111i 52, 20

aggreditur 55, 7. 80, 10.
93,6.102,14 109, 8.

, 112,8.113,,1 17.117,
6.123, 25.135, 13.
138> 20

¹aggrpssdiunnff 118, 13

aggressos 16, 15

§gg'effus 642 16· 742 13.
127, 10. 136, 3

agi 83 21.106,15
2315 22 28 13
¹ agit 38, 1. 62, 19. 108,

J· 5589!- 3
2g1tabam⁴us 70, 7
agitabant 8, 21.
⁴ 109, ᾏῘ

772 5.-

. . agiiabantur 56, 4. 85, 11

agitabat 37, 12. 66, 6. 114,
25,115, 8. 219, 2

agitabamr'z, 11. 5, 22. 82,

“· 23- 863 3· 94. 9· 98

ἡ 8. 123, 7
’ = 232241102'14622. 3,

agitando 34, 1. 128, 4

agi¹andum 211, 6 Ι

abit-ant 218, 1

agitanti 22, 7. 49, 2. 216,
13

agitantur 223, 10

agitare 20, 12, 21. 51, 16.

78,10. 92, 23 112, 7,

26. 118, 2.

ΡΗ, 5· 144» ¹4
agxtarem 69, 2

agiraret 108, 11. 139, 14

133, 5·

ait 161, 18.163, 5.

· 131 19

aguntur 39, 10. 208, 6
aiebant 37‚17.38, 10. 43,

9· 87 8·145‚25

167.
2, 23. 204, 23. 205, 13.
206, 10. 207, 30. 209,

a} 'unt 133, 18

alacribus 199, 27
alacris 19, 13
21ae 105, 17

agitari 83, 17. 86, 5. 107, Αἷὺῑηί 131, 14

14. 121, 2. 222, 28
agitat 166, 2.
216, 6. 222, 34

agnata 126, 13
agimus 212, 19
agitatum 158, 15

aa {taturus 158, 3
aguaverat 170, 19
agit avgre 31, 13
agitavi 17, 7. 222, 19

agutaviffe 155, 12. 203, 17

agiae 168, 7. 197, 21
agnes 211, 14

agnus 177,10. 182, 10
agitur 45, 6, 13

agmen 105, 4, 18

3131111113 101, 27. 102, 3,

178, 13.

Albino 93, 7. 101,2. 125,

7

Α binum 94, 4
Albinus 92, 18. 93, 18.

94, 7. 96, 9. 101, 10

alebat 11, 22. 3ο, 20

Alexandro 186. 19

21110ῑὶ55, 15
alia 12, 12. 13, 10. 14,

14. 18, 12. 19, Δ.. 21,
6. 22, 10. 25, 2. 36,

16· 52, ¹3· 412 9· 442 2,‘
15, &2³ alibz pqffim.

22³ae 41, 13. 78, 2, 8
aiiaeque 44, 2. 158, 12
11112111 136,17.138,

20,
&² altbi..

23. 105, 27. 113, 2. ahaque 26, 2, 31,19. 48,

³34> 17· 1242, 15· 145,

14. 163, 1. 186, 27
egnit-a 225, 19
agnotvsrum 174, 15
agor 25, 15
agrestss 6, 10. 170, 8
agrestesque 122, 13
agrestia 192, 26
agrestnbus 185, 16
agrestmm 77, 1
agri 108, 14. 189, 12
agris 6, 15. 30,

11. 102,

74, 14·
16. 176, 20. 189. 6

agros 9, 19. 22,21. 61,21.
’ 79, 26. 101, 16.

76, 14.

108, 22. 119, 14. 178,
201, 20.

20. 191, 11.

203, 1. 221, 26

agrum 5, 3. 22, 1. 23, 13.
3427-51212·114 3³

133211

ag 11111 41, 10, 12. 58, 15.

alarum 31,

18. 76,
20. 123, 27.

163, 6. 203, 19. 219, 7
agro 29, 9. 53, 22. 51, 14.
109, 1<- 158,

16· 59 9 84, 4 93·
19. 94, 20. 117, 21

4, 52, 10. 169.
31

alias 62, 11. 66, 15. 67,

26. 94, 1. 203, 24.
221, 25

aliaque 57, 8. 78, 1

adivi 55, 6

alicujus 43, 11

aliena 7, 6. 10, 11. 30, 4.
33, 8. 42, 4. 43, ,20.
45, 18. 58, 3. 132, 7.
161, 21. 167, 2. 213, 3.
21¹, 24. 223, 9. 234,
23

axienae 15, 3. 197, ,5

alienam 126, 19. 121, 26

3116112552, 22- 69, 20.
215, 16. 219, 8

alienata 103, 22. 224, 24

alien-ati 118, 4

alienatum 29, 4

alieni 5, 17. 26, 14

alienis 73, 2. 109, 4. 212,
11 ’

1 ” aheno

