1-.N· D E x s 3 1·-

ieno 32, 17. 53, 7· 732 6. 121, 17. 152, 20, 63 alvum 196, 1‘ ⁸ {51¹}

‘37 alibi. , amant 98, 1 ¹ '³²
aliensos 65, 11 alitur 220, 22 amara 220, 23 · .
alienum 11, 20.13, 15. alium 6, 19.19, 11. 22, 1. amare 10, 2 '·>=1.;¹-‹

13,14. 20, 27 29, 1. 34,1.5 33,15. 47, 12, 21112122, 12 199, 25

33, 14. 51, 7. 65, 14 {03³ alibi. Amazones 201, 4 4327
211· 2, 10. 3, 12.16, 14. aliud 2, 18. 3, 12. 9, 15, ambire 72, 2. 171, 20, 21⁵,
, 19, 2ο. 23, 10, 11. 30, &3³ alibi. ambit} 174, 19 ji:

12. 31, 13, 17, 26. 38, alius 6, 13, 18, 9, 19. 19, ambitio 5, 4 9, 4, 11 131.
9. 44, 12. 48, 12, 20. 20. 34, 15. 44, 12,&c. 47, 1. 2, 16. 51, 8, ια’

49, 12. 51, 1. 56, 2, [⁶3² auatae 121, 4 , ambitione 4, 10.115, 10'.
alibi. allatas 23, 3. 121, 8 177, 25
auique 37,23· 127, 1. 146, anevati 140, 18 ambitionem 74, 8.101‚222 ¹
100, 175, 20 afficere 113, 1 130, 16 135, 3-1453
aliis 8, 9, 29. 12, 5. 16, 6. Allobroges 3), 4, 13. 34, 27 203, 10. 230, 16
&amb-2 22. 35, 1. 33,’14 ambizimum 116,10 ,⁴
ahisque 68, 7, 104, 3, 121, Allobrogibus 39, 4 ambi tiosus 230, 10 - ›
253 134, 27 245, 15. Aliobmgum 32, 15. 135, amhitur 204, 29 ’
150, 20 215, 4 13. 39, 9. 43, λ15 ambitus 158, 8
aiimenta 161, 8, 195, 5 Alpes 192, 20 ⁷ ambiundo 68, 11. 129, 8-1
2119106115 134, 3 Aipibus 277, 21 ambo 153, 10 ι ’
εξὶο 2, 13. 6, 12. 22,2. alta 5, 19. 125, 14 ambobus 122, 7.127, 19.-
3⁷⁵ 3· 4-3ι16· 67, 9· 78, Alter 5²⁹ 9· 70, 21. 144‚153‚ 1²¹· 1ῖ54125· 15528
3. 102, 14. 104, 12. 126, 12.x 137, 10 amboxum 143, 10 ,
6. 103, 21. 112, 17. altera 33, 14, 15. 54, 3 ambos 80, 13.190, 14
121, 23. 141, 17. 143, alterae 113, 4 ambusti 202, 26 · ¹
3. 184, 3. 219, 19 alteram 66, 13. 74, 15. amens 224, 22
anorum 3, 15. 3, 10. 60, 139, 13 ament 134, 2
6. 153, 12.114‚10.134‚ aitercatio 229, 23 amentiam 94, 23
17.10;, 14 203, 19211611 ICO, 3. 107, 28. amici 65, 12. 70, 6. 229¹
210, 6 112, 11. 122, 8, 126, 4 231, 13
ahos 14. 3. 22. 4, 10. 30, 3. 209, 10. 226, 9 amicior 65, 14
15, 16, 20. 32, 12, &5² 232, 13 amicis 6, 17, 20. 13, 14.
aldai. ¹ alteris 77, 10 63, 15. 64, 19. 65, 6.
aliquandiu 123, 14 alterius 2, 9. 45, 11. 217, 74, 10. 79, 9. 92, ..³
aliqnando 45, 6. 71, 13. 26, 223. 17 93,12.123‚ 3.148,15,
72, 5. 114, 1,v 147, 16. altero 49, 16. 534, 13 21. 155, 10, 17. 227, 11
153, 16 alteros 100, 3. 107, 28. amicissumos 65,6 .
afim-antam 175, 12 112, 18. 126, 4 amicitia 17, 7· 40, 2. 61,
aliquant& 3, 3. 123, 16. alterum 1, 6. 2, 1, 8. 63, 22. 63, 18. 64, 12. 69,
126, 13. 135, 6 13· 67, 24. 99, 9. 167. 1, Εὲῗ alibi.
atiquamum 114, 13. 126, 7, 234, 12 amicitiae 82, 9. 153, 16..
>r altior 202, 5 227, 10 1
anquamus ¹50› 22 altitudine 174, 13. 192, amicitiaeque 128, 21
aliquem 131² 2 3 . amicitiam 12, Ι. 61, 17⁶2
aliquid 43, 17. 35, 5, 154, altitudinem 139, 22 64, 4, διε. ¹
g aititudo 142, 4 amicitias 6, 22. 9, 6. 2131,⁸
anquis 39, 5. 132, 3. 233, ἃῖῖίὸε 63⁷, 1 23
10 alxifisque 61, 6 amicorum 20, 22. 21, 21.
ahquo 3, ῃ alto 216, 21 “ 49, 13, - 147, 23. 223,
aliquos 146, 8 altores 200, 14 24 -,
aliquot 20, 27. 34, 23. altus 115, 2 amicos 3, 15. 63, 4. 7³3²}
136, 23. 193, 20. 200, alveis 179, 6 2. 97, 9. 113, 14. 1472„
9. 203, 17 alveos 76, 10 19.191, 12 „
alssquotaens 171, 14 amit 1753, 12 amigulo Πῶς, 7¹
amer 23, 7. 34, 25. 44, 2111610130, 10- 167, 141. amicum 56, 2. 69,5.149„3{v
10. 63, 6. 65, 13. 66, 231, 4 6. 228‚9. 234,5 ¹9 7v
amicus =

 

